3.439673551237436566e-01 3.847284546827901552e-01 4.246874034494345640e-01 4.626605200882946134e-01 4.974317411765626362e-01 5.278159830266127006e-01 5.527255882224222372e-01 5.712347175625900331e-01 5.826363935454188514e-01 5.864873017583105419e-01 5.826363935454188514e-01 5.712347175625900331e-01 5.527255882224222372e-01 5.278159830266127006e-01 4.974317411765626362e-01 4.626605200882946134e-01 4.246874034494345640e-01 3.847284546827901552e-01 3.439673551237436566e-01
3.847284546827901552e-01 4.303198592475683815e-01 4.750140558936694068e-01 5.174870937164076645e-01 5.563788023551835549e-01 5.903636623703804043e-01 6.182251258813420414e-01 6.389276391358479357e-01 6.516804458087065433e-01 6.559876974818722450e-01 6.516804458087065433e-01 6.389276391358479357e-01 6.182251258813420414e-01 5.903636623703804043e-01 5.563788023551835549e-01 5.174870937164076645e-01 4.750140558936694068e-01 4.303198592475683815e-01 3.847284546827901552e-01
4.246874034494345640e-01 4.750140558936694068e-01 5.243503139527230239e-01 5.712347175625900331e-01 6.141658253516715238e-01 6.516804458087065433e-01 6.824356770653271509e-01 7.052884099264375983e-01 7.193657579537738878e-01 7.241203725574382188e-01 7.193657579537738878e-01 7.052884099264375983e-01 6.824356770653271509e-01 6.516804458087065433e-01 6.141658253516715238e-01 5.712347175625900331e-01 5.243503139527230239e-01 4.750140558936694068e-01 4.246874034494345640e-01
4.626605200882946134e-01 5.174870937164076645e-01 5.712347175625900331e-01 6.223112561695403055e-01 6.690810178726986912e-01 7.099499809514054904e-01 7.434551689392052687e-01 7.683512623601137514e-01 7.836873262670971396e-01 7.888670712924582551e-01 7.836873262670971396e-01 7.683512623601137514e-01 7.434551689392052687e-01 7.099499809514054904e-01 6.690810178726986912e-01 6.223112561695403055e-01 5.712347175625900331e-01 5.174870937164076645e-01 4.626605200882946134e-01
4.974317411765626362e-01 5.563788023551835549e-01 6.141658253516715238e-01 6.690810178726986912e-01 7.193657579537738878e-01 7.633062252762117250e-01 7.993294934730282852e-01 8.260966511645759791e-01 8.425852959501521910e-01 8.481543243736802129e-01 8.425852959501521910e-01 8.260966511645759791e-01 7.993294934730282852e-01 7.633062252762117250e-01 7.193657579537738878e-01 6.690810178726986912e-01 6.141658253516715238e-01 5.563788023551835549e-01 4.974317411765626362e-01
5.278159830266127006e-01 5.903636623703804043e-01 6.516804458087065433e-01 7.099499809514054904e-01 7.633062252762117250e-01 8.099306744912629918e-01 8.481543243736802129e-01 8.765564798460585560e-01 8.940522878853497390e-01 8.999614850043656800e-01 8.940522878853497390e-01 8.765564798460585560e-01 8.481543243736802129e-01 8.099306744912629918e-01 7.633062252762117250e-01 7.099499809514054904e-01 6.516804458087065433e-01 5.903636623703804043e-01 5.278159830266127006e-01
5.527255882224222372e-01 6.182251258813420414e-01 6.824356770653271509e-01 7.434551689392052687e-01 7.993294934730282852e-01 8.481543243736802129e-01 8.881818908829757220e-01 9.179244500230681059e-01 9.362459505098319479e-01 9.424340246844740143e-01 9.362459505098319479e-01 9.179244500230681059e-01 8.881818908829757220e-01 8.481543243736802129e-01 7.993294934730282852e-01 7.434551689392052687e-01 6.824356770653271509e-01 6.182251258813420414e-01 5.527255882224222372e-01
5.712347175625900331e-01 6.389276391358479357e-01 7.052884099264375983e-01 7.683512623601137514e-01 8.260966511645759791e-01 8.765564798460585560e-01 9.179244500230681059e-01 9.486629986482900678e-01 9.675980314726936315e-01 9.739933257719428639e-01 9.675980314726936315e-01 9.486629986482900678e-01 9.179244500230681059e-01 8.765564798460585560e-01 8.260966511645759791e-01 7.683512623601137514e-01 7.052884099264375983e-01 6.389276391358479357e-01 5.712347175625900331e-01
5.826363935454188514e-01 6.516804458087065433e-01 7.193657579537738878e-01 7.836873262670971396e-01 8.425852959501521910e-01 8.940522878853497390e-01 9.362459505098319479e-01 9.675980314726936315e-01 9.869110019510082266e-01 9.934339444326473201e-01 9.869110019510082266e-01 9.675980314726936315e-01 9.362459505098319479e-01 8.940522878853497390e-01 8.425852959501521910e-01 7.836873262670971396e-01 7.193657579537738878e-01 6.516804458087065433e-01 5.826363935454188514e-01
5.864873017583105419e-01 6.559876974818722450e-01 7.241203725574382188e-01 7.888670712924582551e-01 8.481543243736802129e-01 8.999614850043656800e-01 9.424340246844740143e-01 9.739933257719428639e-01 9.934339444326473201e-01 1.000000000000000000e+00 9.934339444326473201e-01 9.739933257719428639e-01 9.424340246844740143e-01 8.999614850043656800e-01 8.481543243736802129e-01 7.888670712924582551e-01 7.241203725574382188e-01 6.559876974818722450e-01 5.864873017583105419e-01
5.826363935454188514e-01 6.516804458087065433e-01 7.193657579537738878e-01 7.836873262670971396e-01 8.425852959501521910e-01 8.940522878853497390e-01 9.362459505098319479e-01 9.675980314726936315e-01 9.869110019510082266e-01 9.934339444326473201e-01 9.869110019510082266e-01 9.675980314726936315e-01 9.362459505098319479e-01 8.940522878853497390e-01 8.425852959501521910e-01 7.836873262670971396e-01 7.193657579537738878e-01 6.516804458087065433e-01 5.826363935454188514e-01
5.712347175625900331e-01 6.389276391358479357e-01 7.052884099264375983e-01 7.683512623601137514e-01 8.260966511645759791e-01 8.765564798460585560e-01 9.179244500230681059e-01 9.486629986482900678e-01 9.675980314726936315e-01 9.739933257719428639e-01 9.675980314726936315e-01 9.486629986482900678e-01 9.179244500230681059e-01 8.765564798460585560e-01 8.260966511645759791e-01 7.683512623601137514e-01 7.052884099264375983e-01 6.389276391358479357e-01 5.712347175625900331e-01
5.527255882224222372e-01 6.182251258813420414e-01 6.824356770653271509e-01 7.434551689392052687e-01 7.993294934730282852e-01 8.481543243736802129e-01 8.881818908829757220e-01 9.179244500230681059e-01 9.362459505098319479e-01 9.424340246844740143e-01 9.362459505098319479e-01 9.179244500230681059e-01 8.881818908829757220e-01 8.481543243736802129e-01 7.993294934730282852e-01 7.434551689392052687e-01 6.824356770653271509e-01 6.182251258813420414e-01 5.527255882224222372e-01
5.278159830266127006e-01 5.903636623703804043e-01 6.516804458087065433e-01 7.099499809514054904e-01 7.633062252762117250e-01 8.099306744912629918e-01 8.481543243736802129e-01 8.765564798460585560e-01 8.940522878853497390e-01 8.999614850043656800e-01 8.940522878853497390e-01 8.765564798460585560e-01 8.481543243736802129e-01 8.099306744912629918e-01 7.633062252762117250e-01 7.099499809514054904e-01 6.516804458087065433e-01 5.903636623703804043e-01 5.278159830266127006e-01
4.974317411765626362e-01 5.563788023551835549e-01 6.141658253516715238e-01 6.690810178726986912e-01 7.193657579537738878e-01 7.633062252762117250e-01 7.993294934730282852e-01 8.260966511645759791e-01 8.425852959501521910e-01 8.481543243736802129e-01 8.425852959501521910e-01 8.260966511645759791e-01 7.993294934730282852e-01 7.633062252762117250e-01 7.193657579537738878e-01 6.690810178726986912e-01 6.141658253516715238e-01 5.563788023551835549e-01 4.974317411765626362e-01
4.626605200882946134e-01 5.174870937164076645e-01 5.712347175625900331e-01 6.223112561695403055e-01 6.690810178726986912e-01 7.099499809514054904e-01 7.434551689392052687e-01 7.683512623601137514e-01 7.836873262670971396e-01 7.888670712924582551e-01 7.836873262670971396e-01 7.683512623601137514e-01 7.434551689392052687e-01 7.099499809514054904e-01 6.690810178726986912e-01 6.223112561695403055e-01 5.712347175625900331e-01 5.174870937164076645e-01 4.626605200882946134e-01
4.246874034494345640e-01 4.750140558936694068e-01 5.243503139527230239e-01 5.712347175625900331e-01 6.141658253516715238e-01 6.516804458087065433e-01 6.824356770653271509e-01 7.052884099264375983e-01 7.193657579537738878e-01 7.241203725574382188e-01 7.193657579537738878e-01 7.052884099264375983e-01 6.824356770653271509e-01 6.516804458087065433e-01 6.141658253516715238e-01 5.712347175625900331e-01 5.243503139527230239e-01 4.750140558936694068e-01 4.246874034494345640e-01
3.847284546827901552e-01 4.303198592475683815e-01 4.750140558936694068e-01 5.174870937164076645e-01 5.563788023551835549e-01 5.903636623703804043e-01 6.182251258813420414e-01 6.389276391358479357e-01 6.516804458087065433e-01 6.559876974818722450e-01 6.516804458087065433e-01 6.389276391358479357e-01 6.182251258813420414e-01 5.903636623703804043e-01 5.563788023551835549e-01 5.174870937164076645e-01 4.750140558936694068e-01 4.303198592475683815e-01 3.847284546827901552e-01
3.439673551237436566e-01 3.847284546827901552e-01 4.246874034494345640e-01 4.626605200882946134e-01 4.974317411765626362e-01 5.278159830266127006e-01 5.527255882224222372e-01 5.712347175625900331e-01 5.826363935454188514e-01 5.864873017583105419e-01 5.826363935454188514e-01 5.712347175625900331e-01 5.527255882224222372e-01 5.278159830266127006e-01 4.974317411765626362e-01 4.626605200882946134e-01 4.246874034494345640e-01 3.847284546827901552e-01 3.439673551237436566e-01
